[gd_scene load_steps=6 format=3 uid="uid://daselg1ad3c7j"]

[ext_resource type="Script" path="res://main.gd" id="1_kml8j"]

[sub_resource type="SphereMesh" id="SphereMesh_s1blp"]

[sub_resource type="CylinderMesh" id="CylinderMesh_3ngdh"]

[sub_resource type="PrismMesh" id="PrismMesh_4am46"]

[sub_resource type="BoxMesh" id="BoxMesh_0y63w"]
size = Vector3(3, 0.25, 3)

[node name="Node3D" type="Node3D"]
script = ExtResource("1_kml8j")

[node name="Camera3D" type="Camera3D" parent="."]
transform = Transform3D(1, 0, 0, 0, 0.994465, 0.105066, 0, -0.105066, 0.994465, 0, 1.53974, 3.51782)
current = true
fov = 85.0

[node name="sphere" type="MeshInstance3D" parent="."]
transform = Transform3D(1, 0, 0, 0, 1, 0, 0, 0, 1, -2.60266, 2.27399, 0)
mesh = SubResource("SphereMesh_s1blp")
skeleton = NodePath("../Plane")

[node name="ArrowFromSphere" type="StaticBody3D" parent="."]
transform = Transform3D(0.998893, 0, -0.0470367, 0, 1, 0, 0.0470367, 0, 0.998893, -2.66844, 2.10461, 0)

[node name="MeshInstance3D2" type="MeshInstance3D" parent="ArrowFromSphere"]
transform = Transform3D(0.1, 0, -4.65661e-10, 0, 1, 0, 4.65661e-10, 0, 0.1, 0, 1.00942, 0)
mesh = SubResource("CylinderMesh_3ngdh")
skeleton = NodePath("../MeshInstance3D")

[node name="MeshInstance3D3" type="MeshInstance3D" parent="ArrowFromSphere"]
transform = Transform3D(0.249931, 0, 0.00588122, 0, 0.25, 0, -0.00588122, 0, 0.249931, 0, 2.09148, 0)
mesh = SubResource("PrismMesh_4am46")
skeleton = NodePath("../../Plane/MeshInstance3D2")

[node name="Plane" type="StaticBody3D" parent="."]

[node name="MeshInstance3D" type="MeshInstance3D" parent="Plane"]
transform = Transform3D(1, 0, 0, 0, 1, 0, 0, 0, 1, 0.00401804, -0.1, -0.000415087)
mesh = SubResource("BoxMesh_0y63w")

[node name="MeshInstance3D2" type="MeshInstance3D" parent="Plane"]
transform = Transform3D(0.0999723, 0, -0.00235249, 0, 1, 0, 0.00235249, 0, 0.0999723, 0.0040797, 0.989733, -0.000421762)
mesh = SubResource("CylinderMesh_3ngdh")
skeleton = NodePath("../MeshInstance3D")

[node name="MeshInstance3D3" type="MeshInstance3D" parent="Plane"]
transform = Transform3D(0.2, 0, 0, 0, 0.2, 0, 0, 0, 0.2, 0.0040797, 2.0718, -0.000421762)
mesh = SubResource("PrismMesh_4am46")

[node name="DirectionalLight3D" type="DirectionalLight3D" parent="."]
transform = Transform3D(1, 0, 0, 0, 0.651529, 0.758623, 0, -0.758623, 0.651529, 0, 5.94214, 2.63859)

[node name="DirectionalLight3D3" type="DirectionalLight3D" parent="."]
transform = Transform3D(0.864003, 0.381958, -0.328037, 0, 0.651529, 0.758624, 0.503488, -0.655453, 0.562923, -6.84536, 4.3056, 2.63859)

[node name="DirectionalLight3D2" type="DirectionalLight3D" parent="."]
transform = Transform3D(0.657533, -0.571566, 0.490879, 0, 0.651529, 0.758624, -0.753426, -0.49882, 0.428402, 3.7537, 5.94214, 2.63859)

[node name="CanvasLayer" type="CanvasLayer" parent="."]

[node name="HSlider" type="HSlider" parent="CanvasLayer"]
offset_left = 8.0
offset_top = 604.0
offset_right = 1145.0
offset_bottom = 646.0
max_value = 1.0
step = 0.01
value = 0.5

[node name="LightDotNormal" type="Label" parent="CanvasLayer"]
offset_left = 591.0
offset_top = 23.0
offset_right = 921.0
offset_bottom = 92.0
theme_override_font_sizes/font_size = 40
text = "Light • Normal = "
vertical_alignment = 1

[node name="DotValue" type="Label" parent="CanvasLayer"]
offset_left = 919.0
offset_top = 22.0
offset_right = 1103.0
offset_bottom = 91.0
theme_override_font_sizes/font_size = 40
text = "0
"
vertical_alignment = 1
